-0.008855
-0.008855
-0.008855
-0.008855
-0.008855
-0.008855
-0.008855
-0.008855
-0.008855
-0.008855
-0.008855
-0.008855
-0.008855
-0.008855
-0.008855
-0.008855
-0.008855
-0.008855
-0.008855
-0.008855
-0.008855
-0.008855
-0.087634
-0.087634
-0.087634
-0.087634
-0.087634
-0.087634
-0.087634
-0.087634
-0.087634
-0.087634
-0.087634
-0.087634
-0.087634
-0.087634
-0.087634
-0.087634
-0.087634
-0.087634
-0.087634
-0.087634
-0.087634
-0.087634
-0.087634
-0.087634
-0.087634
-0.087634
-0.087634
-0.087634
-0.087634
-0.087634
-0.087634
-0.087634
-0.254137
-0.254137
-0.254137
-0.254137
-0.254137
-0.254137
-0.254137
-0.254137
-0.254137
-0.254137
-0.254137
-0.254137
-0.254137
-0.254137
-0.254137
-0.254137
-0.254137
-0.254137
-0.254137
-0.254137
-0.254137
-0.254137
-0.254137
-0.254137
-0.254137
-0.254137
-0.254137
-0.254137
-0.254137
-0.254137
-0.254137
-0.252366
-0.252366
-0.252366
-0.252366
-0.252366
-0.252366
-0.252366
-0.252366
-0.252366
-0.252366
-0.252366
-0.252366
-0.252366
-0.252366
-0.252366
-0.252366
-0.252366
-0.252366
-0.252366
-0.252366
-0.252366
-0.252366
-0.252366
-0.252366
-0.252366
-0.252366
-0.252366
-0.252366
-0.252366
-0.252366
-0.252366
-0.252366
-0.267420
-0.267420
-0.267420
-0.267420
-0.267420
-0.267420
-0.267420
-0.267420